Práctico_Laboratorio_Unidad_1/Datos_de _entradada_Laborratorio_Unidad_1/Synthetic/SyntheticPropBackup/Synthetic.$IHEAD.$HEAD.IH8M.MODEL.GRD.1.Out
DSAA
50 50
                   0             1050.431
                   0             551.2958
0 0
[rows 0 to 41 of 50, columns 0 to 49 of 50]
151 151 151 151 151 151 151 151 151 151 151 151 151 151 151 151 151 151 151 151 151 151 151 140.709 128.058 127.579 140.23 151 151 151 151 151 151 151 151 151 151 151 151 151 151 151 151 151 151 151 151 151 151 151
151 151 151 151 151 151 151 151 151 151 151 151 151 151 151 151 151 151 151 151 151 151 151 140.788 128.233 127.757 140.312 151 151 151 151 151 151 151 151 151 151 151 151 151 151 151 151 151 151 151 151 151 151 151
151 151 151 151 151 151 151 151 151 151 151 151 151 151 151 151 151 151 151 151 151 151 151 140.866 128.408 127.936 140.394 151 151 151 151 151 151 151 151 151 151 151 151 151 151 151 151 151 151 151 151 151 151 151
150.832 150.832 150.832 150.832 150.832 150.832 150.832 150.832 150.832 150.832 150.832 150.832 150.832 150.832 150.832 150.832 150.832 150.832 150.832 150.832 150.832 150.832 150.832 140.835 128.546 128.08 140.369 150.832 150.832 150.832 150.832 150.832 150.832 150.832 150.832 150.832 150.832 150.832 150.832 150.832 150.832 150.832 150.832 150.832 150.832 150.832 150.832 150.832 150.832 150.832
150.607 150.607 150.607 150.607 150.607 150.607 150.607 150.607 150.607 150.607 150.607 150.607 150.607 150.607 150.607 150.607 150.607 150.607 150.607 150.607 150.607 150.607 150.607 140.767 128.671 128.212 140.309 150.607 150.607 150.607 150.607 150.607 150.607 150.607 150.607 150.607 150.607 150.607 150.607 150.607 150.607 150.607 150.607 150.607 150.607 150.607 150.607 150.607 150.607 150.607
150.382 150.382 150.382 150.382 150.382 150.382 150.382 150.382 150.382 150.382 150.382 150.382 150.382 150.382 150.382 150.382 150.382 150.382 150.382 150.382 150.382 150.382 150.382 140.699 128.796 128.344 140.248 150.382 150.382 150.382 150.382 150.382 150.382 150.382 150.382 150.382 150.382 150.382 150.382 150.382 150.382 150.382 150.382 150.382 150.382 150.382 150.382 150.382 150.382 150.382
150.157 150.157 150.157 150.157 150.157 150.157 150.157 150.157 150.157 150.157 150.157 150.157 150.157 150.157 150.157 150.157 150.157 150.157 150.157 150.157 150.157 150.157 150.157 140.631 128.92 128.476 140.187 150.157 150.157 150.157 150.157 150.157 150.157 150.157 150.157 150.157 150.157 150.157 150.157 150.157 150.157 150.157 150.157 150.157 150.157 150.157 150.157 150.157 150.157 150.157
149.932 149.932 149.932 149.932 149.932 149.932 149.932 149.932 149.932 149.932 149.932 149.932 149.932 149.932 149.932 149.932 149.932 149.932 149.932 149.932 149.932 149.932 149.932 140.563 129.045 128.609 140.126 149.932 149.932 149.932 149.932 149.932 149.932 149.932 149.932 149.932 149.932 149.932 149.932 149.932 149.932 149.932 149.932 149.932 149.932 149.932 149.932 149.932 149.932 149.932
149.707 149.707 149.707 149.707 149.707 149.707 149.707 149.707 149.707 149.707 149.707 149.707 149.707 149.707 149.707 149.707 149.707 149.707 149.707 149.707 149.707 149.707 149.707 140.495 129.17 128.741 140.066 149.707 149.707 149.707 149.707 149.707 149.707 149.707 149.707 149.707 149.707 149.707 149.707 149.707 149.707 149.707 149.707 149.707 149.707 149.707 149.707 149.707 149.707 149.707
149.482 149.482 149.482 149.482 149.482 149.482 149.482 149.482 149.482 149.482 149.482 149.482 149.482 149.482 149.482 149.482 149.482 149.482 149.482 149.482 149.482 149.482 149.482 140.427 129.295 128.873 140.005 149.482 149.482 149.482 149.482 149.482 149.482 149.482 149.482 149.482 149.482 149.482 149.482 149.482 149.482 149.482 149.482 149.482 149.482 149.482 149.482 149.482 149.482 149.482
149.257 149.257 149.257 149.257 149.257 149.257 149.257 149.257 149.257 149.257 149.257 149.257 149.257 149.257 149.257 149.257 149.257 149.257 149.257 149.257 149.257 149.257 149.257 140.359 129.42 129.005 139.944 149.257 149.257 149.257 149.257 149.257 149.257 149.257 149.257 149.257 149.257 149.257 149.257 149.257 149.257 149.257 149.257 149.257 149.257 149.257 149.257 149.257 149.257 149.257
149.032 149.032 149.032 149.032 149.032 149.032 149.032 149.032 149.032 149.032 149.032 149.032 149.032 149.032 149.032 149.032 149.032 149.032 149.032 149.032 149.032 149.032 149.032 140.291 129.545 129.137 139.883 149.032 149.032 149.032 149.032 149.032 149.032 149.032 149.032 149.032 149.032 149.032 149.032 149.032 149.032 149.032 149.032 149.032 149.032 149.032 149.032 149.032 149.032 149.032
148.807 148.807 148.807 148.807 148.807 148.807 148.807 148.807 148.807 148.807 148.807 148.807 148.807 148.807 148.807 148.807 148.807 148.807 148.807 148.807 148.807 148.807 148.807 140.223 129.67 129.27 139.823 148.807 148.807 148.807 148.807 148.807 148.807 148.807 148.807 148.807 148.807 148.807 148.807 148.807 148.807 148.807 148.807 148.807 148.807 148.807 148.807 148.807 148.807 148.807
148.582 148.582 148.582 148.582 148.582 148.582 148.582 148.582 148.582 148.582 148.582 148.582 148.582 148.582 148.582 148.582 148.582 148.582 148.582 148.582 148.582 148.582 148.582 140.155 129.795 129.402 139.762 148.582 148.582 148.582 148.582 148.582 148.582 148.582 148.582 148.582 148.582 148.582 148.582 148.582 148.582 148.582 148.582 148.582 148.582 148.582 148.582 148.582 148.582 148.582
148.357 148.357 148.357 148.357 148.357 148.357 148.357 148.357 148.357 148.357 148.357 148.357 148.357 148.357 148.357 148.357 148.357 148.357 148.357 148.357 148.357 148.357 148.357 140.087 129.92 129.534 139.701 148.357 148.357 148.357 148.357 148.357 148.357 148.357 148.357 148.357 148.357 148.357 148.357 148.357 148.357 148.357 148.357 148.357 148.357 148.357 148.357 148.357 148.357 148.357
148.132 148.132 148.132 148.132 148.132 148.132 148.132 148.132 148.132 148.132 148.132 148.132 148.132 148.132 148.132 148.132 148.132 148.132 148.132 148.132 148.132 148.132 148.132 140.019 130.044 129.666 139.64 148.132 148.132 148.132 148.132 148.132 148.132 148.132 148.132 148.132 148.132 148.132 148.132 148.132 148.132 148.132 148.132 148.132 148.132 148.132 148.132 148.132 148.132 148.132
147.907 147.907 147.907 147.907 147.907 147.907 147.907 147.907 147.907 147.907 147.907 147.907 147.907 147.907 147.907 147.907 147.907 147.907 147.907 147.907 147.907 147.907 147.907 139.951 130.169 129.798 139.58 147.907 147.907 147.907 147.907 147.907 147.907 147.907 147.907 147.907 147.907 147.907 147.907 147.907 147.907 147.907 147.907 147.907 147.907 147.907 147.907 147.907 147.907 147.907
147.682 147.682 147.682 147.682 147.682 147.682 147.682 147.682 147.682 147.682 147.682 147.682 147.682 147.682 147.682 147.682 147.682 147.682 147.682 147.682 147.682 147.682 147.682 139.883 130.294 129.931 139.519 147.682 147.682 147.682 147.682 147.682 147.682 147.682 147.682 147.682 147.682 147.682 147.682 147.682 147.682 147.682 147.682 147.682 147.682 147.682 147.682 147.682 147.682 147.682
147.457 147.457 147.457 147.457 147.457 147.457 147.457 147.457 147.457 147.457 147.457 147.457 147.457 147.457 147.457 147.457 147.457 147.457 147.457 147.457 147.457 147.457 147.457 139.814 130.419 130.063 139.458 147.457 147.457 147.457 147.457 147.457 147.457 147.457 147.457 147.457 147.457 147.457 147.457 147.457 147.457 147.457 147.457 147.457 147.457 147.457 147.457 147.457 147.457 147.457
147.232 147.232 147.232 147.232 147.232 147.232 147.232 147.232 147.232 147.232 147.232 147.232 147.232 147.232 147.232 147.232 147.232 147.232 147.232 147.232 147.232 147.232 147.232 139.746 130.544 130.195 139.397 147.232 147.232 147.232 147.232 147.232 147.232 147.232 147.232 147.232 147.232 147.232 147.232 147.232 147.232 147.232 147.232 147.232 147.232 147.232 147.232 147.232 147.232 147.232
147.007 147.007 147.007 147.007 147.007 147.007 147.007 147.007 147.007 147.007 147.007 147.007 147.007 147.007 147.007 147.007 147.007 147.007 147.007 147.007 147.007 147.007 147.007 139.678 130.669 130.327 139.337 147.007 147.007 147.007 147.007 147.007 147.007 147.007 147.007 147.007 147.007 147.007 147.007 147.007 147.007 147.007 147.007 147.007 147.007 147.007 147.007 147.007 147.007 147.007
146.021 145.927 145.833 145.74 145.646 145.553 145.459 145.366 145.272 145.178 145.085 144.991 144.898 144.804 144.711 144.617 144.523 144.43 144.336 144.243 144.149 144.055 143.962 137.762 130.162 129.874 137.474 143.958 144.052 144.146 144.239 144.333 144.426 144.52 144.613 144.707 144.801 144.894 144.988 145.081 145.175 145.268 145.362 145.456 145.549 145.643 145.736 145.83 145.923 146.017
145.011 144.821 144.631 144.441 144.251 144.061 143.87 143.68 143.49 143.3 143.11 142.92 142.73 142.54 142.35 142.16 141.97 141.78 141.59 141.4 141.21 141.02 140.83 135.789 129.636 129.403 135.556 140.822 141.013 141.203 141.393 141.583 141.773 141.963 142.153 142.343 142.533 142.723 142.913 143.103 143.293 143.483 143.673 143.863 144.053 144.243 144.433 144.623 144.814 145.004
144.001 143.714 143.428 143.141 142.855 142.568 142.282 141.995 141.709 141.422 141.136 140.849 140.563 140.276 139.99 139.703 139.417 139.13 138.844 138.557 138.27 137.984 137.697 133.816 129.11 128.932 133.638 137.687 137.973 138.26 138.546 138.833 139.119 139.406 139.692 139.979 140.265 140.552 140.838 141.125 141.411 141.698 141.984 142.271 142.558 142.844 143.131 143.417 143.704 143.99
142.991 142.608 142.225 141.842 141.459 141.076 140.693 140.31 139.927 139.544 139.161 138.778 138.395 138.012 137.629 137.246 136.863 136.48 136.097 135.714 135.331 134.948 134.565 131.843 128.584 128.461 131.719 134.551 134.934 135.317 135.7 136.083 136.466 136.849 137.232 137.615 137.998 138.381 138.764 139.147 139.53 139.913 140.296 140.679 141.062 141.445 141.828 142.211 142.594 142.977
143.043 142.665 142.287 141.909 141.531 141.153 140.775 140.397 140.019 139.641 139.263 138.885 138.507 138.129 137.751 137.373 136.995 136.617 136.239 135.861 135.483 135.105 134.727 132.028 128.796 128.673 131.905 134.713 135.091 135.469 135.847 136.225 136.603 136.981 137.359 137.737 138.115 138.493 138.871 139.249 139.627 140.005 140.383 140.761 141.139 141.517 141.895 142.273 142.651 143.029
144.053 143.772 143.49 143.209 142.927 142.646 142.364 142.082 141.801 141.519 141.238 140.956 140.675 140.393 140.112 139.83 139.549 139.267 138.986 138.704 138.422 138.141 137.859 134.158 129.672 129.501 133.988 137.849 138.13 138.412 138.693 138.975 139.256 139.538 139.819 140.101 140.383 140.664 140.946 141.227 141.509 141.79 142.072 142.353 142.635 142.916 143.198 143.479 143.761 144.043
145.063 144.878 144.693 144.508 144.323 144.138 143.953 143.768 143.583 143.397 143.212 143.027 142.842 142.657 142.472 142.287 142.102 141.917 141.732 141.547 141.362 141.177 140.992 136.288 130.547 130.33 136.07 140.985 141.17 141.355 141.54 141.725 141.91 142.095 142.28 142.465 142.65 142.835 143.02 143.205 143.39 143.575 143.761 143.946 144.131 144.316 144.501 144.686 144.871 145.056
146.073 145.984 145.896 145.807 145.718 145.63 145.541 145.453 145.364 145.276 145.187 145.098 145.01 144.921 144.833 144.744 144.655 144.567 144.478 144.39 144.301 144.212 144.124 138.418 131.423 131.158 138.153 144.121 144.209 144.298 144.386 144.475 144.563 144.652 144.741 144.829 144.918 145.006 145.095 145.184 145.272 145.361 145.449 145.538 145.627 145.715 145.804 145.892 145.981 146.069
147.018 147.018 147.018 147.018 147.018 147.018 147.018 147.018 147.018 147.018 147.018 147.018 147.018 147.018 147.018 147.018 147.018 147.018 147.018 147.018 147.018 147.018 147.018 140.392 132.246 131.937 140.083 147.018 147.018 147.018 147.018 147.018 147.018 147.018 147.018 147.018 147.018 147.018 147.018 147.018 147.018 147.018 147.018 147.018 147.018 147.018 147.018 147.018 147.018 147.018
147.243 147.243 147.243 147.243 147.243 147.243 147.243 147.243 147.243 147.243 147.243 147.243 147.243 147.243 147.243 147.243 147.243 147.243 147.243 147.243 147.243 147.243 147.243 140.617 132.471 132.162 140.308 147.243 147.243 147.243 147.243 147.243 147.243 147.243 147.243 147.243 147.243 147.243 147.243 147.243 147.243 147.243 147.243 147.243 147.243 147.243 147.243 147.243 147.243 147.243
147.468 147.468 147.468 147.468 147.468 147.468 147.468 147.468 147.468 147.468 147.468 147.468 147.468 147.468 147.468 147.468 147.468 147.468 147.468 147.468 147.468 147.468 147.468 140.842 132.696 132.387 140.533 147.468 147.468 147.468 147.468 147.468 147.468 147.468 147.468 147.468 147.468 147.468 147.468 147.468 147.468 147.468 147.468 147.468 147.468 147.468 147.468 147.468 147.468 147.468
147.693 147.693 147.693 147.693 147.693 147.693 147.693 147.693 147.693 147.693 147.693 147.693 147.693 147.693 147.693 147.693 147.693 147.693 147.693 147.693 147.693 147.693 147.693 141.067 132.921 132.612 140.758 147.693 147.693 147.693 147.693 147.693 147.693 147.693 147.693 147.693 147.693 147.693 147.693 147.693 147.693 147.693 147.693 147.693 147.693 147.693 147.693 147.693 147.693 147.693
147.918 147.918 147.918 147.918 147.918 147.918 147.918 147.918 147.918 147.918 147.918 147.918 147.918 147.918 147.918 147.918 147.918 147.918 147.918 147.918 147.918 147.918 147.918 141.292 133.146 132.837 140.983 147.918 147.918 147.918 147.918 147.918 147.918 147.918 147.918 147.918 147.918 147.918 147.918 147.918 147.918 147.918 147.918 147.918 147.918 147.918 147.918 147.918 147.918 147.918
148.143 148.143 148.143 148.143 148.143 148.143 148.143 148.143 148.143 148.143 148.143 148.143 148.143 148.143 148.143 148.143 148.143 148.143 148.143 148.143 148.143 148.143 148.143 141.517 133.371 133.062 141.208 148.143 148.143 148.143 148.143 148.143 148.143 148.143 148.143 148.143 148.143 148.143 148.143 148.143 148.143 148.143 148.143 148.143 148.143 148.143 148.143 148.143 148.143 148.143
148.369 148.369 148.369 148.369 148.369 148.369 148.369 148.369 148.369 148.369 148.369 148.369 148.369 148.369 148.369 148.369 148.369 148.369 148.369 148.369 148.369 148.369 148.369 141.742 133.596 133.287 141.433 148.369 148.369 148.369 148.369 148.369 148.369 148.369 148.369 148.369 148.369 148.369 148.369 148.369 148.369 148.369 148.369 148.369 148.369 148.369 148.369 148.369 148.369 148.369
148.594 148.594 148.594 148.594 148.594 148.594 148.594 148.594 148.594 148.594 148.594 148.594 148.594 148.594 148.594 148.594 148.594 148.594 148.594 148.594 148.594 148.594 148.594 141.967 133.821 133.512 141.658 148.594 148.594 148.594 148.594 148.594 148.594 148.594 148.594 148.594 148.594 148.594 148.594 148.594 148.594 148.594 148.594 148.594 148.594 148.594 148.594 148.594 148.594 148.594
148.819 148.819 148.819 148.819 148.819 148.819 148.819 148.819 148.819 148.819 148.819 148.819 148.819 148.819 148.819 148.819 148.819 148.819 148.819 148.819 148.819 148.819 148.819 142.192 134.046 133.737 141.883 148.819 148.819 148.819 148.819 148.819 148.819 148.819 148.819 148.819 148.819 148.819 148.819 148.819 148.819 148.819 148.819 148.819 148.819 148.819 148.819 148.819 148.819 148.819
149.044 149.044 149.044 149.044 149.044 149.044 149.044 149.044 149.044 149.044 149.044 149.044 149.044 149.044 149.044 149.044 149.044 149.044 149.044 149.044 149.044 149.044 149.044 142.417 134.271 133.962 142.108 149.044 149.044 149.044 149.044 149.044 149.044 149.044 149.044 149.044 149.044 149.044 149.044 149.044 149.044 149.044 149.044 149.044 149.044 149.044 149.044 149.044 149.044 149.044
149.269 149.269 149.269 149.269 149.269 149.269 149.269 149.269 149.269 149.269 149.269 149.269 149.269 149.269 149.269 149.269 149.269 149.269 149.269 149.269 149.269 149.269 149.269 142.642 134.496 134.187 142.333 149.269 149.269 149.269 149.269 149.269 149.269 149.269 149.269 149.269 149.269 149.269 149.269 149.269 149.269 149.269 149.269 149.269 149.269 149.269 149.269 149.269 149.269 149.269
149.494 149.494 149.494 149.494 149.494 149.494 149.494 149.494 149.494 149.494 149.494 149.494 149.494 149.494 149.494 149.494 149.494 149.494 149.494 149.494 149.494 149.494 149.494 142.867 134.721 134.412 142.558 149.494 149.494 149.494 149.494 149.494 149.494 149.494 149.494 149.494 149.494 149.494 149.494 149.494 149.494 149.494 149.494 149.494 149.494 149.494 149.494 149.494 149.494 149.494
149.719 149.719 149.719 149.719 149.719 149.719 149.719 149.719 149.719 149.719 149.719 149.719 149.719 149.719 149.719 149.719 149.719 149.719 149.719 149.719 149.719 149.719 149.719 143.092 134.946 134.637 142.783 149.719 149.719 149.719 149.719 149.719 149.719 149.719 149.719 149.719 149.719 149.719 149.719 149.719 149.719 149.719 149.719 149.719 149.719 149.719 149.719 149.719 149.719 149.719
