Práctico_Laboratorio_Unidad_1/Datos_de _entradada_Laborratorio_Unidad_1/Input/Initial Heads/IH05.asc
ncols         25
nrows         14
xllcorner     5513099.622
yllcorner     5897232.357
cellsize      50
NODATA_value  -9999
158.5 158.5 158.5 158.5 158.5 158.5 158.5 158.5 158.5 158.5 158.5 158.5 140.5 158.5 158.5 158.5 158.5 158.5 158.5 158.5 158.5 158.5 158.5 158.5 158.5
158.5 158.5 158.5 158.5 158.5 158.5 158.5 158.5 158.5 158.5 158.5 158.5 139.5 158.5 158.5 158.5 158.5 158.5 158.5 158.5 158.5 158.5 158.5 158.5 158.5
157.5 157.5 157.5 157.5 157.5 157.5 157.5 157.5 157.5 157.5 157.5 157.5 138.5 157.5 157.5 157.5 157.5 157.5 157.5 157.5 157.5 157.5 157.5 157.5 157.5
156.5 156.5 156.5 156.5 156.5 156.5 156.5 156.5 156.5 156.5 156.5 156.5 137.5 156.5 156.5 156.5 156.5 156.5 156.5 156.5 156.5 156.5 156.5 156.5 156.5
155.5 155.5 155.5 155.5 155.5 155.5 155.5 155.5 155.5 155.5 155.5 155.5 136.5 155.5 155.5 155.5 155.5 155.5 155.5 155.5 155.5 155.5 155.5 155.5 155.5
154.5 154.5 154.5 154.5 154.5 154.5 154.5 154.5 154.5 154.5 154.5 154.5 135.5 154.5 154.5 154.5 154.5 154.5 154.5 154.5 154.5 154.5 154.5 154.5 154.5
151.5 150.5 149.5 148.5 147.5 146.5 145.5 144.5 143.5 142.5 141.5 140.5 134.5 140.5 141.5 142.5 143.5 144.5 145.5 146.5 147.5 148.5 149.5 150.5 151.5
154.5 154.5 154.5 154.5 154.5 154.5 154.5 154.5 154.5 154.5 154.5 154.5 133.5 154.5 154.5 154.5 154.5 154.5 154.5 154.5 154.5 154.5 154.5 154.5 154.5
155.5 155.5 155.5 155.5 155.5 155.5 155.5 155.5 155.5 155.5 155.5 155.5 132.5 155.5 155.5 155.5 155.5 155.5 155.5 155.5 155.5 155.5 155.5 155.5 155.5
156.5 156.5 156.5 156.5 156.5 156.5 156.5 156.5 156.5 156.5 156.5 156.5 131.5 156.5 156.5 156.5 156.5 156.5 156.5 156.5 156.5 156.5 156.5 156.5 156.5
157.5 157.5 157.5 157.5 157.5 157.5 157.5 157.5 157.5 157.5 157.5 157.5 130.5 157.5 157.5 157.5 157.5 157.5 157.5 157.5 157.5 157.5 157.5 157.5 157.5
158.5 158.5 158.5 158.5 158.5 158.5 158.5 158.5 158.5 158.5 158.5 158.5 129.5 158.5 158.5 158.5 158.5 158.5 158.5 158.5 158.5 158.5 158.5 158.5 158.5
158.5 158.5 158.5 158.5 158.5 158.5 158.5 158.5 158.5 158.5 158.5 158.5 128.5 158.5 158.5 158.5 158.5 158.5 158.5 158.5 158.5 158.5 158.5 158.5 158.5
158.5 158.5 158.5 158.5 158.5 158.5 158.5 158.5 158.5 158.5 158.5 158.5 127.5 158.5 158.5 158.5 158.5 158.5 158.5 158.5 158.5 158.5 158.5 158.5 158.5



