Práctico_Laboratorio_Unidad_1/Datos_de _entradada_Laborratorio_Unidad_1/Input/Initial Heads/IH4M.GRD
ncols 25
nrows 14
xllcorner 5513099.6220000004
yllcorner 5897232.3569999998
cellsize 50
nodata_value -9999
155 155 155 155 155 155 155 155 155 155 155 155 137 155 155 155 155 155 155 155 155 155 155 155 155
155 155 155 155 155 155 155 155 155 155 155 155 136 155 155 155 155 155 155 155 155 155 155 155 155
154 154 154 154 154 154 154 154 154 154 154 154 135 154 154 154 154 154 154 154 154 154 154 154 154
153 153 153 153 153 153 153 153 153 153 153 153 134 153 153 153 153 153 153 153 153 153 153 153 153
152 152 152 152 152 152 152 152 152 152 152 152 133 152 152 152 152 152 152 152 152 152 152 152 152
151 151 151 151 151 151 151 151 151 151 151 151 132 151 151 151 151 151 151 151 151 151 151 151 151
148 147 146 145 144 143 142 141 140 139 138 137 131 137 138 139 140 141 142 143 144 145 146 147 148
151 151 151 151 151 151 151 151 151 151 151 151 130 151 151 151 151 151 151 151 151 151 151 151 151
152 152 152 152 152 152 152 152 152 152 152 152 129 152 152 152 152 152 152 152 152 152 152 152 152
153 153 153 153 153 153 153 153 153 153 153 153 128 153 153 153 153 153 153 153 153 153 153 153 153
154 154 154 154 154 154 154 154 154 154 154 154 127 154 154 154 154 154 154 154 154 154 154 154 154
155 155 155 155 155 155 155 155 155 155 155 155 126 155 155 155 155 155 155 155 155 155 155 155 155
155 155 155 155 155 155 155 155 155 155 155 155 125 155 155 155 155 155 155 155 155 155 155 155 155
155 155 155 155 155 155 155 155 155 155 155 155 124 155 155 155 155 155 155 155 155 155 155 155 155
