Práctico_Laboratorio_Unidad_1/Datos_de _entradada_Laborratorio_Unidad_1/Input/Initial Heads/IH8M.grd
DSAA
25 14
5513124.622 5514324.622
5897257.357 5897907.357
120 151
151 151 151 151 151 151 151 151 151 151 
151 151 120 151 151 151 151 151 151 151 
151 151 151 151 151 

151 151 151 151 151 151 151 151 151 151 
151 151 121 151 151 151 151 151 151 151 
151 151 151 151 151 

151 151 151 151 151 151 151 151 151 151 
151 151 122 151 151 151 151 151 151 151 
151 151 151 151 151 

150 150 150 150 150 150 150 150 150 150 
150 150 123 150 150 150 150 150 150 150 
150 150 150 150 150 

149 149 149 149 149 149 149 149 149 149 
149 149 124 149 149 149 149 149 149 149 
149 149 149 149 149 

148 148 148 148 148 148 148 148 148 148 
148 148 125 148 148 148 148 148 148 148 
148 148 148 148 148 

147 147 147 147 147 147 147 147 147 147 
147 147 126 147 147 147 147 147 147 147 
147 147 147 147 147 

144 143 142 141 140 139 138 137 136 135 
134 133 127 133 134 135 136 137 138 139 
140 141 142 143 144 

147 147 147 147 147 147 147 147 147 147 
147 147 128 147 147 147 147 147 147 147 
147 147 147 147 147 

148 148 148 148 148 148 148 148 148 148 
148 148 129 148 148 148 148 148 148 148 
148 148 148 148 148 

149 149 149 149 149 149 149 149 149 149 
149 149 130 149 149 149 149 149 149 149 
149 149 149 149 149 

150 150 150 150 150 150 150 150 150 150 
150 150 131 150 150 150 150 150 150 150 
150 150 150 150 150 

151 151 151 151 151 151 151 151 151 151 
151 151 132 151 151 151 151 151 151 151 
151 151 151 151 151 

151 151 151 151 151 151 151 151 151 151 
151 151 133 151 151 151 151 151 151 151 
151 151 151 151 151 

